eventsName eventsLength cond1rep1 cond1rep2 cond2rep1 cond2rep2
bcc_83285|Cycle_2 261 105 41 15 26
bcc_83285|Cycle_2 81 2 5 100 150
bcc_161433|Cycle_2 207 20 17 60 58
bcc_161433|Cycle_2 80 58 33 7 1
bcc_135201|Cycle_433391 268 53 26 19 29
bcc_135201|Cycle_433391 82 3 1 31 55
bcc_135201|Cycle_433392 268 50 27 17 25
bcc_135201|Cycle_433392 82 3 1 29 55
bcc_144389|Cycle_0 172 4 9 90 135
bcc_144389|Cycle_0 80 21 10 7 16
bcc_135201|Cycle_134762 221 26 6 7 14
bcc_135201|Cycle_134762 79 1 3 6 20
bcc_52250|Cycle_0 316 13 22 14 13
bcc_52250|Cycle_0 78 3 0 17 22
bcc_135201|Cycle_72006 225 22 21 2 3
bcc_135201|Cycle_72006 79 38 30 38 52
bcc_135201|Cycle_149982 239 44 41 100 136
bcc_135201|Cycle_149982 80 108 97 107 85
bcc_12586|Cycle_17 183 12 2 6 5
bcc_12586|Cycle_17 78 38 8 43 10
bcc_135201|Cycle_419578 1258 825 323 60 119
bcc_135201|Cycle_419578 81 96 24 190 255
bcc_140028|Cycle_1 404 54 21 8 7
bcc_140028|Cycle_1 82 49 23 19 41
bcc_167098|Cycle_0 237 14 12 33 20
bcc_167098|Cycle_0 81 22 23 17 16
bcc_94995|Cycle_6 358 46 32 35 34
bcc_94995|Cycle_6 81 20 16 9 31
bcc_145770|Cycle_0 285 52 81 50 78
bcc_145770|Cycle_0 78 10 9 34 17
bcc_135201|Cycle_450581 273 72 54 13 27
bcc_135201|Cycle_450581 82 749 392 156 189
bcc_25431|Cycle_2 417 15 23 27 33
bcc_25431|Cycle_2 81 38 30 47 61
bcc_135201|Cycle_156509 255 44 17 6 10
bcc_135201|Cycle_156509 82 3 1 9 2
bcc_158231|Cycle_0 196 32 12 48 30
bcc_158231|Cycle_0 80 0 0 6 6
bcc_151020|Cycle_2 222 26 18 17 18
bcc_151020|Cycle_2 82 90 59 84 60
bcc_135201|Cycle_61884 309 1 5 9 9
bcc_135201|Cycle_61884 81 73 85 211 211
bcc_135201|Cycle_491532 256 25 27 50 25
bcc_135201|Cycle_491532 82 0 1 5 6
bcc_135201|Cycle_80325 281 77 73 100 53
bcc_135201|Cycle_80325 80 2 10 16 17
bcc_135201|Cycle_282489 254 30 21 20 35
bcc_135201|Cycle_282489 80 445 146 263 387
bcc_3874|Cycle_4 339 176 218 186 192
bcc_3874|Cycle_4 78 40 29 6 4
bcc_135201|Cycle_498746 380 53 34 23 33
bcc_135201|Cycle_498746 82 4 6 7 12
bcc_172930|Cycle_2 167 32 26 45 79
bcc_172930|Cycle_2 82 7 5 17 39
bcc_44900|Cycle_1 224 105 49 37 74
bcc_44900|Cycle_1 79 199 108 85 139
bcc_135201|Cycle_95531 797 145 85 187 124
bcc_135201|Cycle_95531 81 42 34 34 14
bcc_67561|Cycle_3 217 16 20 25 21
bcc_67561|Cycle_3 81 1 1 6 3
bcc_108176|Cycle_0 378 33 13 9 9
bcc_108176|Cycle_0 79 445 198 141 214
bcc_175173|Cycle_0 254 27 34 63 28
bcc_175173|Cycle_0 82 3 0 5 0
bcc_147523|Cycle_2 233 113 100 102 69
bcc_147523|Cycle_2 79 0 4 1 2
bcc_135201|Cycle_356752 233 23 33 33 25
bcc_135201|Cycle_356752 81 269 187 197 233
bcc_135201|Cycle_231579 225 158 112 23 41
bcc_135201|Cycle_231579 81 485 530 78 143
bcc_82668|Cycle_31 228 135 97 45 46
bcc_82668|Cycle_31 82 9 6 3 3
bcc_135201|Cycle_337478 255 3 3 9 5
bcc_135201|Cycle_337478 81 23 16 51 46
bcc_162707|Cycle_0 270 17 24 13 20
bcc_162707|Cycle_0 80 129 145 120 101
bcc_131161|Cycle_0 262 123 86 45 62
bcc_131161|Cycle_0 80 27 7 9 7
bcc_135201|Cycle_178998 234 68 44 15 17
bcc_135201|Cycle_178998 79 72 34 14 14
bcc_135201|Cycle_170948 318 55 49 23 21
bcc_135201|Cycle_170948 82 5 8 9 7
bcc_135201|Cycle_134678 262 192 201 215 275
bcc_135201|Cycle_134678 80 6 0 4 2
bcc_135201|Cycle_250182 261 147 112 75 82
bcc_135201|Cycle_250182 78 32 26 15 21
bcc_135201|Cycle_477344 1149 92 52 16 30
bcc_135201|Cycle_477344 80 25 3 0 5
bcc_135201|Cycle_181346 261 30 26 63 53
bcc_135201|Cycle_181346 81 42 33 74 87
bcc_129992|Cycle_11 2304 40 32 16 23
bcc_129992|Cycle_11 78 327 377 195 195
bcc_135201|Cycle_415549 284 145 122 91 147
bcc_135201|Cycle_415549 79 13 11 11 8
bcc_135201|Cycle_304438 224 285 329 116 148
bcc_135201|Cycle_304438 80 126 162 60 66
bcc_155252|Cycle_11 422 197 136 168 148
bcc_155252|Cycle_11 81 110 60 29 34
bcc_19522|Cycle_0 300 127 96 121 72
bcc_19522|Cycle_0 82 4 5 5 3
bcc_135201|Cycle_119940 277 24 24 32 36
bcc_135201|Cycle_119940 80 59 106 94 116
bcc_100903|Cycle_0 264 10 9 1 3
bcc_100903|Cycle_0 81 503 231 134 175
bcc_140481|Cycle_0 339 24 21 65 62
bcc_140481|Cycle_0 81 0 3 11 9
bcc_98956|Cycle_0 240 560 555 303 316
bcc_98956|Cycle_0 81 15 15 4 13
bcc_135201|Cycle_467936 284 293 238 204 147
bcc_135201|Cycle_467936 81 6 8 6 3
bcc_135201|Cycle_321543 333 923 457 372 373
bcc_135201|Cycle_321543 80 35 24 17 16
bcc_144312|Cycle_6 209 239 272 370 379
bcc_144312|Cycle_6 79 9 2 2 10
bcc_23475|Cycle_1 212 2 6 6 9
bcc_23475|Cycle_1 82 115 97 151 124
bcc_135201|Cycle_410696 268 90 88 78 51
bcc_135201|Cycle_410696 78 3 5 4 1
bcc_135201|Cycle_223942 232 285 316 414 438
bcc_135201|Cycle_223942 79 22 26 39 29
bcc_135201|Cycle_272275 234 140 91 166 142
bcc_135201|Cycle_272275 78 5 4 5 8
bcc_135201|Cycle_94881 1070 14 22 76 65
bcc_135201|Cycle_94881 81 4 1 3 4
bcc_135201|Cycle_249175 340 47 30 35 49
bcc_135201|Cycle_249175 79 617 455 597 580
bcc_33203|Cycle_0 288 902 662 709 910
bcc_33203|Cycle_0 78 132 77 86 131
bcc_31689|Cycle_2 266 350 186 98 151
bcc_31689|Cycle_2 81 8 5 2 4
bcc_135201|Cycle_478043 290 12 11 10 4
bcc_135201|Cycle_478043 82 411 331 258 248
bcc_135201|Cycle_170285 1178 204 78 199 312
bcc_135201|Cycle_170285 79 5 18 20 32
bcc_135201|Cycle_480480 309 186 139 97 108
bcc_135201|Cycle_480480 80 1032 714 515 579
bcc_132936|Cycle_3 326 324 177 64 88
bcc_132936|Cycle_3 81 21 5 3 4
bcc_135201|Cycle_341693 273 600 449 335 343
bcc_135201|Cycle_341693 80 29 26 18 19
bcc_135201|Cycle_38140 303 273 278 292 375
bcc_135201|Cycle_38140 81 1 5 1 4
bcc_135201|Cycle_306435 264 83 64 29 28
bcc_135201|Cycle_306435 79 749 822 370 380
bcc_135201|Cycle_249195 251 9 4 9 9
bcc_135201|Cycle_249195 82 160 140 214 203
bcc_7608|Cycle_0 242 287 238 369 193
bcc_7608|Cycle_0 80 1 5 7 3
bcc_137415|Cycle_0 252 188 164 238 256
bcc_137415|Cycle_0 82 2 2 1 6
bcc_23955|Cycle_0 332 261 164 209 360
bcc_23955|Cycle_0 78 8 4 5 7
bcc_135201|Cycle_482196 224 515 365 300 486
bcc_135201|Cycle_482196 81 42 21 25 27
bcc_135201|Cycle_487482 236 1366 1802 1684 1084
bcc_135201|Cycle_487482 82 40 33 37 33
bcc_52018|Cycle_0 377 439 286 211 286
bcc_52018|Cycle_0 79 11 19 11 9
bcc_135201|Cycle_467818 368 413 315 265 315
bcc_135201|Cycle_467818 82 13 20 11 20
bcc_135201|Cycle_433782 364 151 232 99 72
bcc_135201|Cycle_433782 81 4 8 4 1
bcc_135201|Cycle_430432 253 399 360 292 257
bcc_135201|Cycle_430432 82 10 17 9 13
bcc_135201|Cycle_170912 344 278 223 312 396
bcc_135201|Cycle_170912 80 4 4 2 7
bcc_135201|Cycle_57132 257 1184 944 587 566
bcc_135201|Cycle_57132 82 329 294 152 191
bcc_135201|Cycle_359939 278 222 179 328 222
bcc_135201|Cycle_359939 78 5 3 5 6
bcc_135201|Cycle_454911 494 108 100 153 142
bcc_135201|Cycle_454911 80 7 4 4 10
bcc_135201|Cycle_219671 278 654 410 336 317
bcc_135201|Cycle_219671 82 8 1 2 0
bcc_135201|Cycle_290970 204 64 51 15 13
bcc_135201|Cycle_290970 82 806 551 139 192
bcc_135201|Cycle_420794 228 701 435 174 193
bcc_135201|Cycle_420794 81 24 8 6 4
bcc_77194|Cycle_1 380 446 441 310 237
bcc_77194|Cycle_1 80 12 8 8 5
bcc_120508|Cycle_0 213 675 325 267 369
bcc_120508|Cycle_0 78 22 10 6 13
bcc_133056|Cycle_2 257 10137 4561 1517 1411
bcc_133056|Cycle_2 80 975 392 134 132
bcc_92355|Cycle_4 279 321 198 231 214
bcc_92355|Cycle_4 81 7 2 7 2
bcc_135201|Cycle_308336 703 505 391 238 269
bcc_135201|Cycle_308336 82 16 13 9 8
bcc_32744|Cycle_0 332 883 676 332 701
bcc_32744|Cycle_0 79 29 16 9 14
bcc_135201|Cycle_211627 530 110 74 32 51
bcc_135201|Cycle_211627 79 19 24 13 43
bcc_135201|Cycle_223355 424 0 1 338 308
bcc_135201|Cycle_223355 81 0 0 5 8
bcc_135201|Cycle_98136 362 313 371 643 488
bcc_135201|Cycle_98136 80 5 2 10 8
bcc_94339|Cycle_0 236 6918 6030 4301 3769
bcc_94339|Cycle_0 82 351 282 237 152
bcc_135201|Cycle_181493 356 1032 666 252 347
bcc_135201|Cycle_181493 81 25 25 9 10
bcc_8336|Cycle_0 944 1002 547 72 98
bcc_8336|Cycle_0 82 26 18 2 4
bcc_135201|Cycle_393382 257 797 464 893 1386
bcc_135201|Cycle_393382 78 20 21 29 38
bcc_133943|Cycle_0 267 15 7 8 2
bcc_133943|Cycle_0 81 147 149 106 50
bcc_66610|Cycle_1 232 5056 2732 1111 1185
bcc_66610|Cycle_1 82 49 21 9 9
bcc_135201|Cycle_462325 234 1201 933 358 584
bcc_135201|Cycle_462325 79 52 33 16 22
