eventsName eventsLength cond1rep1 cond1rep2 cond2rep1 cond2rep2
bcc_44787|Cycle_421687 131 910 1687 5 70
bcc_44787|Cycle_421687 131 26 22 28 8569
bcc_44787|Cycle_421701 139 389 3349 2 149
bcc_44787|Cycle_421701 139 88 31 29 8821
bcc_100871|Cycle_3 107 0 10 0 0
bcc_100871|Cycle_3 107 3 1 13 10
bcc_44787|Cycle_211133 92 491 313 3 4
bcc_44787|Cycle_211133 92 0 90 913 341
bcc_44787|Cycle_463884 92 0 90 913 341
bcc_44787|Cycle_463884 92 1535 1187 3 78
bcc_117336|Cycle_0 83 6 3 4 1
bcc_117336|Cycle_0 83 0 0 0 5
bcc_44787|Cycle_320265 112 0 2 2221 1137
bcc_44787|Cycle_320265 112 170 861 25 176
bcc_33597|Cycle_0 83 0 0 20 11
bcc_33597|Cycle_0 83 6 11 3 1
bcc_61380|Cycle_1 83 8 3 11 19
bcc_61380|Cycle_1 83 2 25 0 1
bcc_44787|Cycle_374035 122 0 12 5 1
bcc_44787|Cycle_374035 122 8 0 16 21
bcc_44787|Cycle_632 83 10 2 13 10
bcc_44787|Cycle_632 83 2 14 0 3
bcc_44787|Cycle_118290 137 3 15 3 3
bcc_44787|Cycle_118290 137 8 0 21 24
bcc_24287|Cycle_0 83 6 13 10 2
bcc_24287|Cycle_0 83 7 1 17 79
bcc_44787|Cycle_24498 83 0 5 0 12
bcc_44787|Cycle_24498 83 25 17 17 4
bcc_44787|Cycle_483006 140 5 19 8 4
bcc_44787|Cycle_483006 140 6 0 40 34
bcc_44787|Cycle_83391 83 0 2 4 2
bcc_44787|Cycle_83391 83 2 4 2 2
bcc_62454|Cycle_4 102 1 3 6 2
bcc_62454|Cycle_4 102 3 6 1 0
bcc_44787|Cycle_346645 176 1 0 15 13
bcc_44787|Cycle_346645 176 1 13 12 1
bcc_44787|Cycle_91989 83 2 3 0 0
bcc_44787|Cycle_91989 83 3 2 4 5
bcc_44787|Cycle_2449 83 5 2 3 2
bcc_44787|Cycle_2449 83 0 1 3 9
bcc_44787|Cycle_230287 156 9 0 44 33
bcc_44787|Cycle_230287 156 4 33 11 16
bcc_44787|Cycle_6328 83 3 22 5 5
bcc_44787|Cycle_6328 83 6 3 6 0
bcc_6060|Cycle_49 83 52 0 518 64
bcc_6060|Cycle_49 83 120 123 205 2
bcc_6060|Cycle_55 83 122 132 216 2
bcc_6060|Cycle_55 83 53 0 543 64
bcc_6060|Cycle_65 99 53 0 541 64
bcc_6060|Cycle_65 99 100 77 154 2
bcc_6060|Cycle_38 83 83 0 1168 64
bcc_6060|Cycle_38 83 279 288 518 4
bcc_44787|Cycle_6329 83 5 9 1 6
bcc_44787|Cycle_6329 83 4 5 1 1
bcc_83507|Cycle_0 83 5 13 19 6
bcc_83507|Cycle_0 83 8 0 33 19
bcc_44787|Cycle_378685 126 4 2 5 4
bcc_44787|Cycle_378685 126 5 5 3 12
bcc_44787|Cycle_6324 83 3 4 7 2
bcc_44787|Cycle_6324 83 3 3 0 1
bcc_44787|Cycle_137846 177 0 4068 0 0
bcc_44787|Cycle_137846 177 228 678 3 1
bcc_44787|Cycle_24494 92 25 18 22 6
bcc_44787|Cycle_24494 92 1 3 12 4
bcc_44787|Cycle_83364 83 3 7 6 1
bcc_44787|Cycle_83364 83 4 4 5 1
bcc_44787|Cycle_83344 83 3 2 3 2
bcc_44787|Cycle_83344 83 9 5 3 6
bcc_44787|Cycle_83332 83 28 27 30 20
bcc_44787|Cycle_83332 83 5 4 5 13
bcc_44787|Cycle_6325 83 187 253 202 161
bcc_44787|Cycle_6325 83 22 0 34 80
bcc_44787|Cycle_83335 83 2 5 2 5
bcc_44787|Cycle_83335 83 4 5 3 4
bcc_44787|Cycle_40473 83 5 4 5 9
bcc_44787|Cycle_40473 83 9 8 14 10
bcc_44787|Cycle_24499 169 100 71 118 41
bcc_44787|Cycle_24499 169 2 16 14 21
bcc_44787|Cycle_83330 83 0 3 6 3
bcc_44787|Cycle_83330 83 14 21 13 12
bcc_44787|Cycle_37869 83 78 104 59 48
bcc_44787|Cycle_37869 83 28 34 54 66
bcc_44787|Cycle_83354 83 4 3 1 2
bcc_44787|Cycle_83354 83 16 10 11 10
bcc_44787|Cycle_6320 83 125 76 75 112
bcc_44787|Cycle_6320 83 107 127 153 66
bcc_44787|Cycle_6327 83 8 26 14 6
bcc_44787|Cycle_6327 83 4 4 2 3
bcc_44787|Cycle_8330 96 17 12 23 22
bcc_44787|Cycle_8330 96 13 12 13 5
bcc_44787|Cycle_83345 122 55 55 67 53
bcc_44787|Cycle_83345 122 11 7 8 2
bcc_44787|Cycle_6321 83 415 339 426 332
bcc_44787|Cycle_6321 83 90 125 36 112
bcc_44787|Cycle_6323 83 57 78 23 47
bcc_44787|Cycle_6323 83 181 212 250 219
bcc_44787|Cycle_83372 83 21 29 24 21
bcc_44787|Cycle_83372 83 5 5 6 1
bcc_44787|Cycle_8339 109 60 25 34 19
bcc_44787|Cycle_8339 109 34 22 25 11
bcc_44787|Cycle_83353 121 45 44 52 40
bcc_44787|Cycle_83353 121 4 5 3 4
bcc_44787|Cycle_6322 83 55 118 46 87
bcc_44787|Cycle_6322 83 298 355 347 369
bcc_44787|Cycle_37860 103 58 42 54 35
bcc_44787|Cycle_37860 103 80 42 74 59
bcc_44787|Cycle_429230 98 55 921 0 0
bcc_44787|Cycle_429230 98 12 228 0 0
bcc_44787|Cycle_215417 164 38 3 0 0
bcc_44787|Cycle_215417 164 27 2 0 0
bcc_44787|Cycle_176107 84 1 121 0 0
bcc_44787|Cycle_176107 84 0 24 0 0
bcc_44787|Cycle_4047 83 0 15 0 0
bcc_44787|Cycle_4047 83 0 7 0 0
bcc_24472|Cycle_5 99 12 241 0 0
bcc_24472|Cycle_5 99 4 103 0 0
bcc_44787|Cycle_3786 83 12 0 0 0
bcc_44787|Cycle_3786 83 88 0 0 0
bcc_16074|Cycle_0 83 0 8 0 0
bcc_16074|Cycle_0 83 0 25 0 0
bcc_44787|Cycle_52299 99 0 354 0 0
bcc_44787|Cycle_52299 99 4 3361 0 0
bcc_44787|Cycle_833 83 728 0 0 0
bcc_44787|Cycle_833 83 86 0 0 0
bcc_23079|Cycle_31 152 10 10 10 4
bcc_23079|Cycle_31 152 10 10 10 4
